10001
10013
10091
10197
10206
10259
10264
10267
10277
10388
10399
10416
10417
10477
10499
10562
10599
10662
10735
10800
10826
10838
10973
11004
11036
11065
11088
11133
11145
11176
11223
11241
11267
11310
11361
11377
11402
11455
11466
11500
11554
11671
11777
11814
11873
11955
12187
12283
12322
12325
12407
12422
12447
12454
12490
12516
12587
12677
12690
12707
12726
12859
13030
13092
13182
13390
13442
13477
13509
13561
13652
13768
14063
14123
14262
14377
14399
14742
14804
14863
14936
15003
15028
15105
15117
15245
15326
15343
15394
15708
15831
15874
16095
16191
16313
16349
16554
16557
16563
16746
16747
16850
17100
17120
17477
17555
17724
17738
17946
18049
18159
18160
18311
18518
18566
18603
18616
18713
19268
19366
19469
19489
19497
19581
19659
19773
20001
20006
20142
20232
20333
20594
20657
20773
20776
20835
20898
21146
21169
21242
21278
21578
22047
22650
22818
22894
23301
23498
23893
24044
24093
24608
24650
24886
25474
25537
25546
25582
25631
25652
25716
25742
25802
25983
26057
26485
26567
26758
26809
26853
27077
27254
27794
28036
28152
28188
28224
28262
28381
28418
28425
28622
28769
28848
28853
28865
28899
28905
29242
29310
29623
29639
29854
29963
30503
30727
30972
31016
31083
32058
32743
32788
32919
32944
33368
33454
33968
34296
34354
34647
35119
35305
35652
36018
36088
36094
36233
36318
36361
37227
37361
37584
37622
37631
37961
38927
38933
38980
39248
39264
39517
39796
39922
40602
40855
41135
42130
42165
42367
42681
42744
43033
43189
43321
43484
43885
43990
44051
44270
44619
44996
45724
45795
45865
46011
46457
46645
47090
47182
47404
47551
47642
47693
47725
47798
48149
48174
48870
49220
49262
49482
49569
50340
50504
50527
50582
51112
51580
51652
52042
52231
52409
52518
52706
52928
53221
53938
54366
54413
55397
55588
55763
56052
56531
56710
56793
57330
57460
57532
57568
57732
58058
58288
58333
58586
58757
58859
59052
59319
59420
59497
59978
60186
60334
60536
60930
61054
61695
63038
63310
63634
63701
64492
64528
65180
65450
65551
65886
65940
66339
66393
66611
67120
67484
67630
67894
67982
68339
68705
69072
69101
69144
70182
70262
70425
70440
70466
70713
70735
70924
71088
71530
71688
71929
72067
72145
72242
72502
72524
72601
72617
72693
73721
74128
74186
75285
75754
75821
76455
76493
76585
76792
76862
76991
77142
77858
77969
78223
78251
78261
78680
78912
78928
79622
79877
80013
80274
80395
80777
81064
81312
81588
81602
81883
82065
82284
82860
82867
83072
83088
83800
84941
85277
85692
85747
85975
85986
86870
87278
87653
87776
88000
88808
89884
89932
90014
90352
90473
90661
90835
90959
91046
91454
92112
92324
92410
92679
92836
93017
94397
95189
95455
95941
96007
96263
96497
97410
97785
97862
97921
98269
99089
99847
100153
100414
101047
101085
101142
101373
101388
101410
102357
102360
102440
102744
103012
103505
103617
104507
104634
105399
105960
106145
106455
106937
107069
107312
107405
107854
109033
109106
109649
109697
110140
110210
110701
112291
112293
112688
113420
113631
113759
113792
114163
114519
114522
114698
115176
117476
117724
118636
119908
120602
120682
121784
122062
122256
122275
122966
123213
123677
124021
124689
124919
125886
126440
126501
127159
127397
128925
128946
129004
131317
131419
132048
132063
132497
133043
133335
133427
133626
133846
134344
134403
134503
134712
135046
135456
135694
135773
136435
136470
137321
137815
137949
138315
138563
138921
138929
139053
139280
139642
139742
140271
140308
140485
141935
142188
142297
142319
142660
143387
143558
144223
144301
145544
145610
145749
146375
146387
146943
147184
147925
147992
148486
148507
148582
149285
149631
150382
150568
152997
154383
154495
156046
156805
156883
157134
158029
159001
159221
160320
160427
161079
161557
162166
162604
163502
164275
164998
165105
165329
165724
165817
165824
165946
167039
167184
168099
168102
168586
171201
173621
174394
175775
177099
177202
177800
178101
178714
179774
179777
180524
183280
185821
187525
188354
193225
193264
193928
194678
194825
195359
196901
196985
198216
198758
199810
201079
201738
202010
202321
202330
204608
206116
206630
206851
208566
209656
210710
211262
212347
214942
214983
215931
216292
217578
218972
219719
220170
221889
223939
224160
225781
228104
228686
229426
231544
233614
237929
240340
243365
243477
244400
245544
252946
257257
257837
259089
269309
274702
282767
286505
302428
315938
316593
318729
336850
363186
364058
378525
392816
394860
417195
478230
491923
500241
508595
511915
512006
513174
513261
513274
513387
513391
513416
513577
513810
513955
514333
514853
515034
515246
516095
516277
516557
517017
517052
517172
517472
517748
517869
517915
517962
518072
518151
518409
518789
519128
519131
519373
519619
519857
520118
520151
520178
520186
520395
520485
520764
521021
521050
521197
521526
522345
522793
522878
523060
523329
523376
523628
523638
523809
523843
523942
523956
523998
524373
524733
524809
524847
525041
525604
525780
526699
527505
529458
529516
529633
529960
530721
530838
530875
530943
531277
533462
533469
533689
533810
533975
535583
536319
536497
536983
537585
537641
537861
539626
540383
540535
541613
542403
543236
543574
543720
544257
544770
544876
545210
546195
546733
547170
547666
548596
549023
549461
550901
551216
552552
554835
555293
555769
555850
556300
558665
559198
562633
563644
569835
569995
570300
570843
575082
575669
575808
579647
579919
580422
580583
580755
582877
593090
800063
800240
800473
800727
800837
801075
801115
801168
801360
801516
801562
801736
802012
802055
802232
802461
802527
802643
802659
802781
803142
803523
803779
803818
803903
804081
804173
804326
804337
804444
804546
804757
804809
804941
804960
805281
805347
805358
805576
805588
805630
805691
805862
805949
806072
806281
806371
806489
806561
806744
807119
807176
807323
807527
807824
807846
808033
808250
808853
808977
809085
809542
809622
809710
809891
809985
810069
810090
810146
810221
810329
810426
810460
810596
810959
811211
811628
811953
811991
812032
812393
812455
812730
812852
812962
813889
814206
814212
814369
814506
814520
814745
814762
814945
815000
815156
815188
815808
815810
815976
816118
816685
817263
817317
817614
817799
818343
818387
818491
819084
819743
820410
820507
821291
821320
821588
822574
823739
828112
828465
829902
829936
830847
857165
872960
896719
901376
902310
902466
903022
903079
903159
903360
904271
906293
906682
906685
907436
907443
908221
908316
908689
909008
909078
909125
909314
909420
910334
910603
911199
918547
930010
932321
934019
935830
940744
941319
953725
103329548
289728837
834852932
837235731
910534796
938371337
981789985
1050013851
1050166426
1050186736
1050189039
1050460102
1050493413
1051670893
1051680335
1052809763
1057471940
1399810824
